10
4
1 3 2 1
6
2 1 1 2 3 3 
7
1 3 3 3 1 1 3 
21
3 2 1 2 1 1 3 3 1 2 2 3 3 3 2 1 3 3 3 1 1 
33
1 3 1 1 3 1 1 1 1 2 1 3 3 1 3 2 2 3 2 2 3 2 1 3 2 2 3 2 2 1 3 2 1 
40
2 2 1 2 3 3 3 3 3 2 1 3 2 3 1 3 1 2 1 3 3 3 3 3 3 3 2 1 1 1 1 1 2 1 3 3 2 2 1 3 
51
3 2 2 1 2 1 2 1 2 2 1 1 3 3 3 3 2 3 1 1 3 3 2 2 2 2 1 1 3 3 2 2 1 3 2 2 2 1 1 1 1 1 1 1 1 1 3 1 3 2 2 
80
3 3 3 1 3 3 3 2 3 1 2 1 3 3 2 3 3 2 3 1 3 2 1 1 1 3 2 3 2 3 1 3 2 2 1 2 1 2 1 2 1 1 3 1 3 3 3 3 1 2 1 3 1 3 1 1 1 2 3 2 2 1 2 2 1 2 2 3 2 1 2 2 2 1 2 2 1 3 2 1 
91
2 2 3 1 1 2 2 3 2 2 2 1 3 2 1 3 1 2 3 3 3 1 3 3 2 2 2 3 3 1 1 3 2 3 1 2 3 3 1 3 1 2 3 2 3 2 2 1 2 1 2 1 1 3 2 2 3 2 3 1 3 2 1 1 1 1 1 1 3 3 3 1 1 2 3 3 1 2 2 2 1 2 3 2 3 2 2 3 3 2 2 
100
1 2 1 2 1 2 2 1 2 2 2 2 1 3 3 2 1 1 3 2 3 3 2 2 3 1 1 3 1 1 1 3 1 1 2 3 3 1 1 1 2 3 2 3 2 1 1 1 3 3 3 1 1 1 1 1 3 1 2 2 2 3 1 3 3 2 3 1 2 2 1 2 3 1 3 2 3 3 1 2 3 3 2 2 1 3 2 3 3 3 3 2 2 3 2 1 1 1 3 3 
